resources/Input/Dem/DEM_441.asc
ncols        63
nrows        43
xllcorner    628112.163899303647
yllcorner    5122191.821103374474
cellsize     30.005356186400
NODATA_value  -9999
[rows 0 to 25 of 43, columns 0 to 59 of 63]
-9999.0 -9999 -9999 -9999 -9999 -9999 -9999 -9999 -9999 -9999 -9999 -9999 -9999 -9999 -9999 -9999 -9999 -9999 -9999 -9999 -9999 -9999 -9999 -9999 -9999 -9999 -9999 -9999 -9999 -9999 -9999 -9999 -9999 -9999 -9999 -9999 -9999 -9999 -9999 -9999 -9999 -9999 2787.031982421875 2761.9541015625 -9999 -9999 -9999 -9999 -9999 -9999 -9999 -9999 -9999 -9999 -9999 -9999 -9999 -9999 -9999 -9999
-9999 -9999 -9999 -9999 -9999 -9999 -9999 -9999 -9999 -9999 -9999 -9999 -9999 -9999 -9999 -9999 -9999 -9999 -9999 -9999 -9999 -9999 -9999 -9999 -9999 -9999 -9999 -9999 -9999 -9999 -9999 -9999 -9999 -9999 -9999 -9999 -9999 -9999 -9999 2687.137939453125 2709.820068359375 2757.700927734375 2755.011962890625 2716.742919921875 2714.205078125 -9999 -9999 -9999 -9999 -9999 -9999 -9999 -9999 -9999 -9999 -9999 -9999 -9999 -9999 -9999
-9999 -9999 -9999 -9999 -9999 -9999 -9999 -9999 -9999 -9999 -9999 -9999 -9999 -9999 -9999 -9999 -9999 -9999 -9999 -9999 -9999 -9999 -9999 -9999 -9999 -9999 -9999 -9999 -9999 -9999 -9999 -9999 -9999 -9999 -9999 -9999 -9999 -9999 2647.43701171875 2646.577880859375 2691.888916015625 2716.740966796875 2731.741943359375 2689.0830078125 2695.134033203125 2714.985107421875 2768.697021484375 -9999 -9999 -9999 -9999 -9999 -9999 -9999 -9999 -9999 -9999 -9999 -9999 -9999
-9999 -9999 -9999 -9999 -9999 -9999 -9999 -9999 -9999 -9999 -9999 -9999 -9999 -9999 -9999 -9999 -9999 -9999 -9999 -9999 -9999 -9999 -9999 -9999 -9999 -9999 -9999 -9999 -9999 -9999 -9999 -9999 -9999 -9999 -9999 -9999 -9999 -9999 2603.35595703125 2609.738037109375 2663.10888671875 2675.219970703125 2684.131103515625 2666.18310546875 2679.343994140625 2734.35498046875 2780.10595703125 2782.047119140625 2777.739013671875 -9999 -9999 -9999 -9999 -9999 -9999 -9999 -9999 -9999 -9999 -9999
-9999 -9999 1934.2559814453125 1930.2969970703125 1922.0670166015625 -9999 -9999 -9999 -9999 -9999 -9999 -9999 -9999 -9999 -9999 -9999 -9999 -9999 -9999 -9999 -9999 -9999 -9999 -9999 -9999 -9999 -9999 -9999 -9999 -9999 -9999 -9999 -9999 -9999 -9999 -9999 -9999 -9999 2575.5859375 2589.197021484375 2629.43896484375 2637.659912109375 2636.051025390625 2646.241943359375 2674.762939453125 2726.2548828125 2762.22607421875 2746.677001953125 2766.248046875 2819.050048828125 -9999 2832.572021484375 2827.653076171875 2825.68408203125 2887.89599609375 2908.81689453125 -9999 -9999 -9999 -9999
-9999 1933.39404296875 1933.324951171875 1924.9560546875 1915.39697265625 1918.8280029296875 1927.72900390625 1937.779052734375 -9999 -9999 -9999 2013.9229736328125 2038.10400390625 2057.875 2081.10595703125 -9999 -9999 -9999 -9999 -9999 -9999 -9999 -9999 -9999 -9999 -9999 -9999 -9999 -9999 -9999 -9999 -9999 -9999 -9999 -9999 -9999 -9999 2547.964111328125 2557.56591796875 2565.35693359375 2592.14794921875 2604.319091796875 2615.64111328125 2636.362060546875 2680.363037109375 2728.56396484375 2705.925048828125 2715.4970703125 2767.8779296875 2811.158935546875 2832.93994140625 2811.362060546875 2797.68310546875 2823.553955078125 2872.0849609375 2886.56689453125 2925.548095703125 2964.2490234375 -9999 -9999
-9999 1926.364013671875 1923.2550048828125 1914.9859619140625 1916.916015625 1918.9169921875 1925.3179931640625 1936.3990478515625 1951.2900390625 1963.010009765625 1977.06103515625 1996.8719482421875 2027.572998046875 2053.125 2082.385986328125 2100.846923828125 2119.4580078125 2137.590087890625 2156.220947265625 -9999 -9999 -9999 -9999 -9999 -9999 -9999 -9999 -9999 -9999 -9999 -9999 -9999 -9999 -9999 -9999 -9999 2504.952880859375 2525.263916015625 2538.885009765625 2552.866943359375 2574.1279296875 2586.708984375 2596.699951171875 2619.301025390625 2679.093017578125 2703.174072265625 2679.675048828125 2717.135986328125 2754.748046875 2791.76904296875 2780.5400390625 2767.14111328125 2777.153076171875 2796.343994140625 2849.47509765625 2860.825927734375 2915.56689453125 2945.47900390625 -9999 -9999
1920.04296875 1918.073974609375 1912.5340576171875 1915.625 1917.7060546875 1920.4169921875 1923.5880126953125 1935.1280517578125 1947.489013671875 1959.9200439453125 1978.0909423828125 2006.6920166015625 2032.35302734375 2053.00390625 2079.64501953125 2096.527099609375 2117.137939453125 2141.089111328125 2159.840087890625 2178.801025390625 2199.1630859375 2219.00390625 -9999 -9999 -9999 -9999 -9999 -9999 -9999 -9999 -9999 -9999 -9999 -9999 2458.2900390625 2476.910888671875 2495.33203125 2510.243896484375 2523.10498046875 2540.01611328125 2556.3369140625 2570.708984375 2580.97998046875 2598.81103515625 2647.39208984375 2655.384033203125 2661.625 2714.926025390625 2704.447021484375 2764.41796875 2758.080078125 2739.40087890625 2755.0419921875 2801.39306640625 2849.304931640625 2843.52587890625 2906.626953125 2939.89794921875 -9999 -9999
1906.06201171875 1910.9229736328125 1914.1739501953125 1917.425048828125 1920.2359619140625 1923.2359619140625 1925.5770263671875 1929.3280029296875 1950.1590576171875 1969.3389892578125 1981.4000244140625 2009.3709716796875 2037.781982421875 2056.4541015625 2082.304931640625 2100.39599609375 2117.297119140625 2148.26904296875 2166.449951171875 2184.510986328125 2202.802001953125 2222.04296875 2241.735107421875 2262.575927734375 -9999 -9999 -9999 -9999 -9999 -9999 -9999 2413.035888671875 2418.376953125 2431.738037109375 2449.340087890625 2467.611083984375 2483.2119140625 2495.472900390625 2512.544921875 2527.56591796875 2540.556884765625 2551.947998046875 2566.0390625 2581.9609375 2634.27197265625 2630.68310546875 2657.3740234375 2681.506103515625 2670.656982421875 2745.568115234375 2730.30908203125 2718.591064453125 2733.7919921875 2803.133056640625 2811.98388671875 2810.68603515625 2848.047119140625 2924.76806640625 -9999 -9999
-9999 1912.822998046875 1916.802978515625 1920.4239501953125 1922.625 1927.2459716796875 1929.0770263671875 1932.5770263671875 1942.7080078125 1958.8089599609375 1986.06005859375 2015.6309814453125 2039.0419921875 2062.85302734375 2082.833984375 2104.7958984375 2130.06689453125 2156.008056640625 2174.4189453125 2190.0400390625 2203.802001953125 2224.8330078125 2245.573974609375 2266.485107421875 2286.47705078125 2306.89794921875 2324.60888671875 2339.89990234375 2358.56201171875 2379.02294921875 2389.68408203125 2404.5849609375 2410.346923828125 2425.367919921875 2442.2890625 2455.050048828125 2470.431884765625 2486.222900390625 2501.1240234375 2514.31494140625 2525.737060546875 2538.077880859375 2556.178955078125 2578.56005859375 2601.031982421875 2612.633056640625 2622.56396484375 2644.485107421875 2648.797119140625 2689.7880859375 2689.89892578125 2702.18994140625 2726.092041015625 2796.472900390625 2773.4140625 2788.514892578125 2831.81689453125 2908.157958984375 -9999 -9999
-9999 -9999 -9999 1924.5040283203125 1927.0150146484375 1931.5849609375 1935.4759521484375 1936.866943359375 1941.97802734375 1962.1190185546875 1985.448974609375 2015.3599853515625 2040.0810546875 2066.693115234375 2097.89404296875 2116.574951171875 2144.656005859375 2159.827880859375 2175.64892578125 2193.77001953125 2211.85107421875 2226.492919921875 2236.803955078125 2253.7451171875 2274.075927734375 2292.297119140625 2311.55908203125 2328.85009765625 2350.3310546875 2373.60205078125 2386.904052734375 2399.284912109375 2409.24609375 2423.0869140625 2439.01904296875 2450.159912109375 2464.9208984375 2476.001953125 2489.053955078125 2501.074951171875 2513.22607421875 2532.326904296875 2552.468994140625 2572.860107421875 2584.111083984375 2591.33203125 2597.823974609375 2617.175048828125 2634.77587890625 2654.60693359375 2672.4990234375 2686.760009765625 2721.571044921875 2769.491943359375 2746.64404296875 2779.094970703125 2841.285888671875 2876.427001953125 2888.658935546875 -9999
-9999 -9999 -9999 -9999 1932.85400390625 1937.114990234375 1941.0159912109375 1945.10595703125 1947.0469970703125 1956.47802734375 1975.928955078125 2014.97998046875 2048.591064453125 2079.5419921875 2109.212890625 2136.2451171875 2151.49609375 2169.4970703125 2183.367919921875 2199.64990234375 2216.180908203125 2233.73193359375 2250.64306640625 2267.93505859375 2280.26611328125 2295.1669921875 2311.0380859375 2336.93994140625 2356.680908203125 2375.382080078125 2386.06298828125 2394.1650390625 2410.77587890625 2423.297119140625 2435.927978515625 2447.9599609375 2462.44091796875 2473.572021484375 2480.64306640625 2489.804931640625 2505.27587890625 2524.20703125 2543.367919921875 2556.719970703125 2567.5810546875 2572.1220703125 2589.742919921875 2608.574951171875 2627.31591796875 2642.876953125 2656.407958984375 2668.219970703125 2688.321044921875 2712.681884765625 2729.98291015625 2780.864990234375 2824.24609375 2858.136962890625 2887.568115234375 -9999
-9999 -9999 -9999 -9999 -9999 1943.1639404296875 1947.0150146484375 1953.865966796875 1954.156982421875 1958.66796875 1978.0880126953125 2017.1490478515625 2053.39990234375 2088.33203125 2113.633056640625 2139.18408203125 2156.985107421875 2176.97705078125 2197.64794921875 2213.819091796875 2226.030029296875 2236.842041015625 2256.54296875 2277.14404296875 2295.594970703125 2313.70703125 2329.117919921875 2342.4990234375 2359.889892578125 2379.501953125 2385.64306640625 2392.904052734375 2407.47509765625 2423.596923828125 2433.488037109375 2443.928955078125 2459.580078125 2473.721923828125 2485.952880859375 2487.02392578125 2498.405029296875 2514.56689453125 2528.577880859375 2541.34912109375 2547.97998046875 2562.06201171875 2578.77294921875 2596.85400390625 2613.966064453125 2629.047119140625 2643.447998046875 2662.368896484375 2683.631103515625 2699.382080078125 2711.113037109375 2734.97412109375 2803.7060546875 2840.576904296875 2869.18798828125 2880.468994140625
-9999 -9999 -9999 -9999 -9999 -9999 -9999 1960.18603515625 1965.115966796875 1968.0970458984375 1976.758056640625 2017.458984375 2050.85009765625 2088.950927734375 2119.362060546875 2135.2041015625 2147.77490234375 2175.176025390625 2194.43701171875 2215.68896484375 2235.139892578125 2248.700927734375 2259.7119140625 2280.083984375 2302.094970703125 2319.27587890625 2339.01708984375 2354.35888671875 2365.85009765625 2380.791015625 2388.64208984375 2396.56396484375 2409.56494140625 2426.966064453125 2436.31689453125 2449.708984375 2457.56005859375 2473.15087890625 2489.532958984375 2492.323974609375 2492.945068359375 2502.166015625 2514.347900390625 2525.1689453125 2537.06005859375 2552.89111328125 2569.23291015625 2585.053955078125 2600.514892578125 2616.5458984375 2633.818115234375 2653.59912109375 2670.2900390625 2684.02099609375 2700.962890625 2720.614013671875 2763.125 2815.20703125 2838.248046875 2882.37890625
-9999 -9999 -9999 -9999 -9999 -9999 -9999 -9999 1972.135986328125 1978.136962890625 1982.876953125 2004.8680419921875 2030.3289794921875 2076.800048828125 2100.7919921875 2104.73291015625 2124.47412109375 2144.9560546875 2173.126953125 2200.60791015625 2218.68896484375 2239.341064453125 2261.7119140625 2281.423095703125 2300.674072265625 2321.56591796875 2342.47705078125 2361.748046875 2377.388916015625 2391.220947265625 2401.9619140625 2408.81298828125 2420.264892578125 2439.805908203125 2449.527099609375 2453.367919921875 2463.449951171875 2476.260986328125 2494.0419921875 2495.952880859375 2495.77490234375 2499.446044921875 2507.56689453125 2522.0380859375 2537.25 2550.0810546875 2563.172119140625 2576.783935546875 2591.385009765625 2607.426025390625 2623.22705078125 2640.868896484375 2656.56005859375 2673.10107421875 2693.44189453125 2714.2041015625 2741.64501953125 2799.176025390625 2842.968017578125 2877.678955078125
-9999 -9999 -9999 -9999 -9999 -9999 -9999 -9999 -9999 1989.8759765625 1994.376953125 2008.5980224609375 2032.5589599609375 2051.25 2067.40087890625 2085.012939453125 2105.214111328125 2127.114990234375 2148.676025390625 2178.89794921875 2202.529052734375 2235.02001953125 2259.73095703125 2279.012939453125 2298.614013671875 2316.1650390625 2336.8359375 2358.488037109375 2379.468994140625 2397.6298828125 2409.02197265625 2419.072998046875 2431.31396484375 2449.485107421875 2461.376953125 2470.4580078125 2481.5791015625 2488.239990234375 2495.922119140625 2495.873046875 2496.43408203125 2496.885986328125 2507.0869140625 2520.998046875 2536.2890625 2550.06103515625 2563.06201171875 2577.202880859375 2592.243896484375 2607.926025390625 2623.68701171875 2639.18798828125 2655.919921875 2672.781005859375 2690.48193359375 2711.133056640625 2735.125 2791.4560546875 2839.01708984375 2887.498046875
-9999 -9999 -9999 -9999 -9999 -9999 -9999 -9999 -9999 -9999 -9999 2010.0970458984375 2027.0880126953125 2046.1590576171875 2064.65087890625 2084.58203125 2112.873046875 2146.094970703125 2160.075927734375 2180.01708984375 2210.568115234375 2238.550048828125 2258.7109375 2272.201904296875 2291.593017578125 2310.635009765625 2330.52587890625 2349.047119140625 2370.509033203125 2389.510009765625 2400.531005859375 2408.592041015625 2420.72412109375 2436.97509765625 2454.47607421875 2481.757080078125 2507.0390625 2509.800048828125 2511.52099609375 2501.923095703125 2498.27392578125 2496.43408203125 2502.8359375 2520.4580078125 2533.4990234375 2548.679931640625 2562.662109375 2577.532958984375 2593.7041015625 2610.455078125 2627.037109375 2643.97802734375 2661.529052734375 2679.631103515625 2696.112060546875 2715.89306640625 2735.993896484375 2768.115966796875 2821.096923828125 2872.197998046875
-9999 -9999 -9999 -9999 -9999 -9999 -9999 -9999 -9999 -9999 -9999 -9999 2022.427978515625 2042.22900390625 2064.97998046875 2098.5810546875 2126.613037109375 2157.013916015625 2187.81494140625 2211.406982421875 2228.327880859375 2248.468994140625 2258.760009765625 2271.10205078125 2284.972900390625 2303.634033203125 2320.10595703125 2339.10693359375 2357.238037109375 2377.208984375 2394.4609375 2407.302001953125 2414.262939453125 2426.64501953125 2442.24609375 2462.047119140625 2485.337890625 2510.889892578125 2527.27099609375 2519.81201171875 2510.972900390625 2500.35498046875 2510.466064453125 2516.8369140625 2530.448974609375 2546.0400390625 2561.361083984375 2576.281982421875 2592.583984375 2610.14501953125 2629.22607421875 2647.677978515625 2666.908935546875 2685.639892578125 2704.660888671875 2721.093017578125 2739.033935546875 2779.344970703125 2825.126953125 2879.778076171875
-9999 -9999 -9999 -9999 -9999 -9999 -9999 -9999 -9999 -9999 -9999 -9999 2031.886962890625 2038.907958984375 2065.5400390625 2101.4609375 2140.491943359375 2178.31396484375 2199.925048828125 2217.115966796875 2213.376953125 2248.678955078125 2261.340087890625 2271.470947265625 2287.0830078125 2301.5439453125 2318.294921875 2339.14599609375 2353.14794921875 2368.47900390625 2387.639892578125 2404.8720703125 2412.883056640625 2423.243896484375 2435.514892578125 2454.507080078125 2474.72802734375 2497.908935546875 2520.56103515625 2544.592041015625 2529.173095703125 2512.23388671875 2517.3759765625 2519.757080078125 2529.22802734375 2543.39990234375 2557.341064453125 2573.451904296875 2591.23291015625 2609.97509765625 2629.736083984375 2649.14697265625 2669.158935546875 2690.820068359375 2711.160888671875 2730.6220703125 2747.614013671875 2771.215087890625 2811.135986328125 2873.8779296875
-9999 -9999 -9999 -9999 -9999 -9999 -9999 -9999 -9999 -9999 -9999 -9999 -9999 2050.51806640625 2060.158935546875 2099.389892578125 2115.721923828125 2144.4130859375 2160.073974609375 2174.845947265625 2215.927001953125 2252.387939453125 2265.678955078125 2276.410888671875 2288.822021484375 2302.06298828125 2316.574951171875 2338.76611328125 2355.616943359375 2369.76904296875 2388.159912109375 2410.7509765625 2416.85205078125 2423.384033203125 2431.324951171875 2446.716064453125 2467.298095703125 2489.948974609375 2512.820068359375 2540.990966796875 2552.383056640625 2530.333984375 2521.10498046875 2527.047119140625 2535.30810546875 2545.448974609375 2560.699951171875 2572.83203125 2590.722900390625 2608.243896484375 2627.5859375 2646.31689453125 2667.657958984375 2687.070068359375 2719.910888671875 2741.971923828125 2758.6630859375 2776.735107421875 2801.60595703125 2842.406982421875
-9999 -9999 -9999 -9999 -9999 -9999 -9999 -9999 -9999 -9999 -9999 -9999 -9999 -9999 2071.1689453125 2083.3701171875 2102.430908203125 2125.54296875 2146.75390625 2194.195068359375 2247.135986328125 2256.508056640625 2266.12890625 2279.60009765625 2292.69189453125 2303.9130859375 2319.714111328125 2343.044921875 2365.797119140625 2377.01806640625 2387.968994140625 2413.2509765625 2421.44189453125 2430.222900390625 2440.125 2449.22607421875 2462.277099609375 2484.51806640625 2506.780029296875 2527.361083984375 2554.5419921875 2554.843994140625 2536.8349609375 2538.035888671875 2544.05810546875 2552.72900390625 2565.93994140625 2577.220947265625 2590.54296875 2606.85400390625 2624.405029296875 2642.45703125 2660.988037109375 2681.0390625 2736.820068359375 2764.842041015625 2791.52294921875 2786.39404296875 2806.47607421875 2824.9970703125
-9999 -9999 -9999 -9999 -9999 -9999 -9999 -9999 -9999 -9999 -9999 -9999 -9999 -9999 -9999 -9999 -9999 2170.39208984375 2176.23291015625 2216.18505859375 2245.095947265625 2264.20703125 2278.0791015625 2288.0400390625 2299.81103515625 2313.27197265625 2331.6640625 2349.175048828125 2368.06591796875 2384.068115234375 2398.68896484375 2411.02001953125 2427.721923828125 2440.282958984375 2451.674072265625 2462.594970703125 2472.886962890625 2483.7880859375 2498.87890625 2519.62109375 2547.172119140625 2587.962890625 2562.534912109375 2554.5859375 2560.447021484375 2565.51806640625 2566.9599609375 2582.591064453125 2596.572021484375 2611.993896484375 2631.544921875 2650.01611328125 2669.18798828125 2687.8291015625 2774.85009765625 2776.821044921875 2821.2529296875 2830.81396484375 2828.344970703125 2832.876953125
-9999 -9999 -9999 -9999 -9999 -9999 -9999 -9999 -9999 -9999 -9999 -9999 -9999 -9999 -9999 -9999 -9999 -9999 2222.012939453125 2236.02392578125 2253.364990234375 2270.257080078125 2285.718017578125 2296.529052734375 2307.7509765625 2318.181884765625 2332.613037109375 2354.31494140625 2372.115966796875 2390.537109375 2406.508056640625 2423.580078125 2435.660888671875 2451.3720703125 2465.75390625 2478.385009765625 2488.3359375 2496.85791015625 2508.2490234375 2521.47998046875 2542.761962890625 2580.9130859375 2595.303955078125 2581.844970703125 2576.386962890625 2585.097900390625 2584.138916015625 2594.77099609375 2603.14208984375 2618.35302734375 2637.735107421875 2658.535888671875 2676.20703125 2717.55908203125 2781.080078125 2803.81103515625 2839.181884765625 2873.174072265625 2878.0048828125 2871.18603515625
-9999 -9999 -9999 -9999 -9999 -9999 -9999 -9999 -9999 -9999 -9999 -9999 -9999 -9999 -9999 -9999 -9999 -9999 -9999 -9999 -9999 2280.906005859375 2292.117919921875 2303.888916015625 2316.8701171875 2328.721923828125 2339.5830078125 2359.2041015625 2382.3349609375 2395.797119140625 2414.498046875 2431.239013671875 2447.361083984375 2463.092041015625 2478.302978515625 2492.47509765625 2504.26611328125 2513.306884765625 2522.01904296875 2535 2548.611083984375 2574.612060546875 2623.714111328125 2606.945068359375 2611.156005859375 2604.998046875 2603.908935546875 2610.199951171875 2621.501953125 2635.98291015625 2660.083984375 2704.035888671875 2696.576904296875 2752.39794921875 2772.6201171875 2815.091064453125 2853.19189453125 2906.633056640625 2923.635009765625 2895.22607421875
-9999 -9999 -9999 -9999 -9999 -9999 -9999 -9999 -9999 -9999 -9999 -9999 -9999 -9999 -9999 -9999 -9999 -9999 -9999 -9999 -9999 -9999 -9999 2309.867919921875 2324.35009765625 2339.90087890625 2353.31201171875 2366.1640625 2391.385009765625 2406.68603515625 2422.738037109375 2437.5390625 2458.02001953125 2474.8720703125 2490.1630859375 2507.444091796875 2520.02587890625 2530.47705078125 2538.7880859375 2549.10888671875 2561.720947265625 2577.4619140625 2620.93310546875 2632.6650390625 2638.325927734375 2638.037109375 2637.489013671875 2630.93994140625 2639.160888671875 2654.613037109375 2690.654052734375 2707.93505859375 2723.626953125 2744.758056640625 2760.5390625 2810.69091796875 2871.751953125 2904.403076171875 2969.323974609375 2938.666015625
-9999 -9999 -9999 -9999 -9999 -9999 -9999 -9999 -9999 -9999 -9999 -9999 -9999 -9999 -9999 -9999 -9999 -9999 -9999 -9999 -9999 -9999 -9999 -9999 -9999 -9999 -9999 2374.443115234375 2390.385009765625 2410.64599609375 2430.027099609375 2448.93896484375 2467.3701171875 2481.37109375 2503.64208984375 2518.333984375 2536.905029296875 2547.6259765625 2556.778076171875 2565.72900390625 2577.1201171875 2589.322021484375 2606.202880859375 2627.053955078125 2647.56591796875 2649.7470703125 2648.93798828125 2658.550048828125 2655.801025390625 2669.001953125 2690.763916015625 2706.445068359375 2720.02587890625 2727.008056640625 2751.989013671875 2791.77001953125 2851.52197265625 2889.89306640625 2926.2939453125 2989.175048828125
